			num_cart_lines			=   9	
		starting_point     =   ( 17410    ,			5585    )   
 destination_point  =				(  3005    ,    8621   )					
					average_cart_speed     =					364				
 cart_line_name    = "Lunawada" 
			cart_line_stations     =     (  9181					,   14655		)			(				1406			, 1682 )   (   1661					,		10014					)			(   4143     ,				11925   )			(					2346 ,   3597  )					(			2032					, 18747			)   (				14518    ,				2868	)		(				12529 ,    13990				) (	15789 ,	2180		)	(  1441	,			18570			)  (   9659					,		15060		)				 
    cart_line_name  =  "Sadabad"     
	cart_line_stations   =   (    17671				,			6700					) ( 18759					,     13690     )     (    8605			,	10436		)	(   1691   ,  16011     )	( 18639					,		11344					) (     8327	,			7571			)    (		11136  ,    8788     ) (				4363   ,    11209					)    (     9009				,    10068		)     (    17802  ,	14955		) 					
     cart_line_name		=    "Neyveli (TS)"				
		cart_line_stations    =			(			4114   ,	11725 )			(   17439	,				4888    )  (					10773		,					2818  )		 
			cart_line_name =					"Manavadar"	
    cart_line_stations   = (  15004 , 16794					)  (				14611     ,  10588				)  (	2886					,			1613		)	(   15016			,    4066					)				(    17957			,					14433		)				(					2399					,					18389   )     (     19040			,     14845		)				   
				cart_line_name    =     "Belonia"     
  cart_line_stations =					(			1343			,     14435     )    (	19357		,					8852     )     (     266   ,			7615    )						
				cart_line_name    =   "Narwana"			
 cart_line_stations				= ( 11987  ,			13772					)				(			10043 ,     17456			)     (   1940    ,  1247   )		(   13049		,  3690  )     (			18624    ,    6731  )  (				7468		,		9301				)			(			13405	,  14547   )     (				11989			,			11512					)				(   7676     ,				10763				)   				
		cart_line_name				=			"Hardwar"				
    cart_line_stations				=     (				1817  ,					4625    )     (    8014					,			8147					)   (				11846		,   6408   )     (					18807  ,				19229     ) (			17314   ,		18383		)		   
     cart_line_name					= "Tumkur"   
     cart_line_stations =     (	12467  ,    16419 )		(	167  ,     2479		) (     1825  ,				11605 )	(  16391    ,	9825	)		( 4028			,					12972					)		(   9616			,		5796    )   (		15506		,	15377     )  (     18529	, 18673   )    (   11669    ,					13720    )	(   7382		,     4539   )								
    cart_line_name		=		"Rampur Maniharan"    
			cart_line_stations     =   (  16369  ,			4934  )				(					19230 ,     4950					)				( 13593			, 6 )		(    11134			,					5754   )   (				1406				,					18685		)    (	13955					,					11881     )		(			15217		,		17823				) (    19387		,		15313   )	(				10881   ,			9664			)			(     14718    ,					4902   )    			
